001, 233168
002, 4613732
003, 6857
004, 906609
005, 232792560
006, 25164150
007, 104743
008, 23514624000
009, 31875000
010, 142913828922
011, 70600674
012, 76576500
013, 5537376230
014, 837799
015, 137846528820
016, 1366
017, 21124
018, 1074
019, 171
020, 648
021, 31626
022, 871198282
023, 4179871
024, 2783915460
025, 4782
026, 983
027, -59231
028, 669171001
029, 9183
030, 443839
031, 73682
032, 45228
033, 100
034, 40730
035, 55
036, 872187
037, 748317
038, 932718654
039, 840
040, 210
041, 7652413
042, 162
043, 16695334890
044, 5482660
045, 1533776805
046, 5777
047, 134043
048, 9110846700
049, 296962999629
050, 997651
051, 121313
052, 142857
053, 4075
054, 376
055, 249
056, 972
057, 153
058, 26241
059, 129448
060, 26033
061, 28684
062, 127035954683
063, 49
064, 1322
065, 272
066, 661
067, 7273
068, 6531031914842725
069, 510510
070, 8319823
071, 428570
072, 303963552391
073, 7295372
074, 402
075, 161667
076, 190569291
077, 71
078, 55374
079, 73162890
080, 40886
081, 427337
082, 260324
083, 425185
084, 101524
085, 2772
086, 1818
087, 1097343
088, 7587457
089, 743
090, 1217
091, 14234
092, 8581146
093, 1258
094, 518408346
095, 14316
096, 24702
097, 8739992577
098, 18769
099, 709
100, 756872327473
101, 37076114526
102, 228
104, 329468
105, 73702
108, 180180
110, 9350130049860600
112, 1587000
119, 248155780267521
122, 1582
123, 21035
124, 21417
125, 2906969179
129, 1000023
130, 149253
131, 173
138, 1118049290473932
145, 608720
164, 378158756814587
173, 1572729
174, 209566
179, 986262
183, 48861552
187, 17427258
203, 34029210557338
205, 0.5731441
206, 1389019170
214, 1677366278943
235, 1.002322108633
243, 892371480
246, 2816417.1055
301, 2178309
315, 13625242
345, 13938
346, 336108797689259276
347, 11109800204052
348, 1004195061
357, 1739023853137
381, 139602943319822
387, 696067597313468
429, 98792821
493, 6.818741802
500, 35407281
504, 694687
543, 199007746081234640
549, 476001479068717
587, 2240
601, 1617243
609, 172023848
613, 0.3916721504
622, 3010983666182123972
650, 538319652
684, 922058210
686, 193060223
700, 1517926517777556
